{
  "final_levels": 1,
  "refinement_history": [
    [
      [
        0.0,
        0.0,
        0.0,
        0.0,
        0.0,
        0.0,
        0.0,
        0.0,
        0.0,
        0.0,
        0.0,
        0.0,
        0.0,
        0.0,
        0.0,
        0.0,
        0.0,
        0.0,
        0.0,
        0.0,
        0.0,
        0.0,
        0.0,
        0.0,
        0.0,
        0.0,
        0.0,
        0.0,
        0.0,
        0.0,
        0.0,
        0.0
      ],
      [
        0.0,
        1.5975757974124555e-33,
        4.494038739599395e-31,
        8.689468528691344e-29,
        1.1494440423097183e-26,
        1.0335381897925677e-24,
        6.274439743162023e-23,
        2.5561845600124418e-21,
        6.953938443947451e-20,
        1.2585228497155688e-18,
        1.5111362123059668e-17,
        1.2015261642682767e-16,
        6.318117429553692e-16,
        2.1952994584259745e-15,
        5.037476813419942e-15,
        7.631416503069671e-15,
        7.631416503069671e-15,
        5.037476813419942e-15,
        2.19529945842599e-15,
        6.318117429553693e-16,
        1.2015261642682767e-16,
        1.5111362123059665e-17,
        1.2585228497155692e-18,
        6.953938443947451e-20,
        2.5561845600124418e-21,
        6.274439743162063e-23,
        1.0335381897925802e-24,
        1.149444042309722e-26,
        8.689468528691344e-29,
        4.494038739599395e-31,
        1.597575797412455e-33,
        0.0
      ],
      [
        0.0,
        4.494038739599395e-31,
        1.2102153497879922e-28,
        2.2438635503891905e-26,
        2.859786983853337e-24,
        2.493721124818945e-22,
        1.4782641162279386e-20,
        5.917130704601656e-19,
        1.5895698082542725e-17,
        2.851704360102388e-16,
        3.4037090227055803e-15,
        2.6955261098038246e-14,
        1.413697707768771e-13,
        4.903865836949435e-13,
        1.1241732601812967e-12,
        1.7022741844905452e-12,
        1.7022741844905452e-12,
        1.1241732601812967e-12,
        4.903865836949469e-13,
        1.413697707768771e-13,
        2.6955261098038246e-14,
        3.4037090227055803e-15,
        2.851704360102388e-16,
        1.5895698082542725e-17,
        5.917130704601656e-19,
        1.4782641162279474e-20,
        2.4937211248189903e-22,
        2.859786983853349e-24,
        2.2438635503891905e-26,
        1.210215349787992e-28,
        4.494038739599395e-31,
        0.0
      ],
      [
        0.0,
        8.689468528691344e-29,
        2.2438635503891905e-26,
        3.981418028997024e-24,
        4.863920235721182e-22,
        4.084819853139423e-20,
        2.3474495847761598e-18,
        9.172363443160557e-17,
        2.4204322930917602e-15,
        4.287259091207643e-14,
        5.0720369736747e-13,
        3.9926828741991995e-12,
        2.0856946875348235e-11,
        7.21657759730883e-11,
        1.6518775013273574e-10,
        2.4996237785475494e-10,
        2.4996237785475494e-10,
        1.6518775013273574e-10,
        7.216577597308853e-11,
        2.085694687534824e-11,
        3.9926828741991995e-12,
        5.072036973674736e-13,
        4.287259091207643e-14,
        2.4204322930917602e-15,
        9.172363443160557e-17,
        2.3474495847761594e-18,
        4.084819853139472e-20,
        4.8639202357212235e-22,
        3.981418028997024e-24,
        2.2438635503891905e-26,
        8.689468528691344e-29,
        0.0
      ],
      [
        0.0,
        1.1494440423097183e-26,
        2.859786983853337e-24,
        4.863920235721182e-22,
        5.683599487682896e-20,
        4.5726334542832176e-18,
        2.52929859283837e-16,
        9.575565447084383e-15,
        2.465494245825654e-13,
        4.28831203832109e-12,
        5.007881517541596e-11,
        3.906991909291048e-10,
        2.0287011507675886e-09,
        6.9923014225570176e-09,
        1.5968863829030117e-08,
        2.4138534935175787e-08,
        2.4138534935175787e-08,
        1.5968863829030173e-08,
        6.992301422557042e-09,
        2.028701150767589e-09,
        3.906991909291048e-10,
        5.0078815175416293e-11,
        4.288312038321094e-12,
        2.465494245825654e-13,
        9.575565447084383e-15,
        2.5292985928383827e-16,
        4.572633454283276e-18,
        5.683599487682938e-20,
        4.863920235721182e-22,
        2.859786983853349e-24,
        1.1494440423097181e-26,
        0.0
      ],
      [
        0.0,
        1.0335381897925677e-24,
        2.493721124818945e-22,
        4.084819853139423e-20,
        4.5726334542832176e-18,
        3.5160870995946477e-16,
        1.8614671787790652e-14,
        6.776796280934602e-13,
        1.6891681443360585e-11,
        2.864710234980243e-10,
        3.2834093672510065e-09,
        2.5278228651032458e-08,
        1.3007189783737992e-07,
        4.4567804044162e-07,
        1.0142539160757818e-06,
        1.5306377877798537e-06,
        1.5306377877798537e-06,
        1.0142539160757854e-06,
        4.4567804044162153e-07,
        1.3007189783737995e-07,
        2.5278228651032458e-08,
        3.283409367251027e-09,
        2.864710234980247e-10,
        1.6891681443360585e-11,
        6.776796280934602e-13,
        1.861467178779073e-14,
        3.5160870995946837e-16,
        4.572633454283278e-18,
        4.084819853139423e-20,
        2.4937211248189484e-22,
        1.0335381897925804e-24,
        0.0
      ],
      [
        0.0,
        6.274439743162023e-23,
        1.4782641162279386e-20,
        2.3474495847761598e-18,
        2.52929859283837e-16,
        1.8614671787790652e-14,
        9.40752588951847e-13,
        3.2733307503690026e-11,
        7.834437605118057e-10,
        1.284537988442199e-08,
        1.434014249127683e-07,
        1.082762618937277e-06,
        5.495944290777158e-06,
        1.866153661008256e-05,
        4.223773384243836e-05,
        6.357923157065108e-05,
        6.357923157065108e-05,
        4.22377338424385e-05,
        1.8661536610082557e-05,
        5.49594429077716e-06,
        1.082762618937277e-06,
        1.4340142491276864e-07,
        1.2845379884422012e-08,
        7.834437605118057e-10,
        3.2733307503690026e-11,
        9.407525889518467e-13,
        1.861467178779078e-14,
        2.5292985928383955e-16,
        2.3474495847761598e-18,
        1.478264116227942e-20,
        6.274439743162063e-23,
        0.0
      ],
      [
        0.0,
        2.5561845600124418e-21,
        5.917130704601656e-19,
        9.172363443160557e-17,
        9.575565447084383e-15,
        6.776796280934602e-13,
        3.2733307503690026e-11,
        1.0851722806692651e-09,
        2.4767495580819583e-08,
        3.890259547144342e-07,
        4.189893237350235e-06,
        3.0763382451718464e-05,
        0.00015298805021926576,
        0.0005122673825675079,
        0.001149535595359848,
        0.0017233486144177018,
        0.001723348614417702,
        0.0011495355953598477,
        0.0005122673825675088,
        0.00015298805021926576,
        3.0763382451718464e-05,
        4.189893237350246e-06,
        3.890259547144346e-07,
        2.4767495580819583e-08,
        1.0851722806692651e-09,
        3.273330750369008e-11,
        6.776796280934615e-13,
        9.575565447084438e-15,
        9.172363443160557e-17,
        5.917130704601659e-19,
        2.5561845600124756e-21,
        0.0
      ],
      [
        0.0,
        6.953938443947451e-20,
        1.5895698082542725e-17,
        2.4204322930917602e-15,
        2.465494245825654e-13,
        1.6891681443360585e-11,
        7.834437605118057e-10,
        2.4767495580819583e-08,
        5.369352046678799e-07,
        8.01283107955685e-06,
        8.235899739930007e-05,
        0.0005814121854059747,
        0.002804603673604497,
        0.009189140014443301,
        0.020339091739925708,
        0.030290786771284158,
        0.030290786771284158,
        0.020339091739925708,
        0.009189140014443334,
        0.002804603673604498,
        0.0005814121854059747,
        8.235899739930017e-05,
        8.012831079556862e-06,
        5.369352046678799e-07,
        2.476749558081958e-08,
        7.834437605118055e-10,
        1.689168144336067e-11,
        2.46549424582567e-13,
        2.4204322930917602e-15,
        1.589569808254273e-17,
        6.953938443947498e-20,
        0.0
      ],
      [
        0.0,
        1.2585228497155688e-18,
        2.851704360102388e-16,
        4.287259091207643e-14,
        4.28831203832109e-12,
        2.864710234980243e-10,
        1.284537988442199e-08,
        3.890259547144342e-07,
        8.01283107955685e-06,
        0.00011299904655572535,
        0.0010966125639184645,
        0.007340005933902136,
        0.03385040325609905,
        0.10717826886164641,
        0.23190939937831598,
        0.3415313852762995,
        0.3415313852762995,
        0.23190939937831603,
        0.10717826886164679,
        0.033850403256099094,
        0.007340005933902136,
        0.0010966125639184684,
        0.00011299904655572547,
        8.012831079556852e-06,
        3.8902595471443415e-07,
        1.2845379884422014e-08,
        2.864710234980247e-10,
        4.288312038321132e-12,
        4.287259091207643e-14,
        2.8517043601023877e-16,
        1.2585228497155775e-18,
        0.0
      ],
      [
        0.0,
        1.5111362123059668e-17,
        3.4037090227055803e-15,
        5.0720369736747e-13,
        5.007881517541596e-11,
        3.2834093672510065e-09,
        1.434014249127683e-07,
        4.189893237350235e-06,
        8.235899739930007e-05,
        0.0010966125639184645,
        0.009966017633785792,
        0.062270902715348214,
        0.26904949024374075,
        0.8064105308810989,
        1.6778394830794272,
        2.4212977741991013,
        2.4212977741991013,
        1.6778394830794292,
        0.8064105308811012,
        0.26904949024374125,
        0.06227090271534822,
        0.0099660176337858,
        0.0010966125639184688,
        8.235899739930007e-05,
        4.189893237350235e-06,
        1.434014249127683e-07,
        3.283409367251032e-09,
        5.0078815175416474e-11,
        5.0720369736747e-13,
        3.40370902270558e-15,
        1.5111362123059668e-17,
        0.0
      ],
      [
        0.0,
        1.2015261642682767e-16,
        2.6955261098038246e-14,
        3.9926828741991995e-12,
        3.906991909291048e-10,
        2.5278228651032458e-08,
        1.082762618937277e-06,
        3.0763382451718464e-05,
        0.0005814121854059747,
        0.007340005933902136,
        0.062270902715348214,
        0.35802548519957794,
        1.4108734113795036,
        3.8646663470877134,
        7.473698759468588,
        10.34855520252662,
        10.348555202526622,
        7.473698759468591,
        3.8646663470877147,
        1.4108734113795078,
        0.35802548519957794,
        0.06227090271534831,
        0.007340005933902159,
        0.0005814121854059745,
        3.076338245171846e-05,
        1.082762618937278e-06,
        2.5278228651032547e-08,
        3.9069919092911027e-10,
        3.992682874199201e-12,
        2.6955261098038255e-14,
        1.2015261642682767e-16,
        0.0
      ],
      [
        0.0,
        6.318117429553692e-16,
        1.413697707768771e-13,
        2.0856946875348235e-11,
        2.0287011507675886e-09,
        1.3007189783737992e-07,
        5.495944290777158e-06,
        0.00015298805021926576,
        0.002804603673604497,
        0.03385040325609905,
        0.26904949024374075,
        1.4108734113795036,
        4.912537604173376,
        11.55678845334655,
        19.110746441995687,
        23.77909472957193,
        23.779094729571934,
        19.11074644199573,
        11.556788453346556,
        4.912537604173392,
        1.4108734113795038,
        0.2690494902437406,
        0.03385040325609923,
        0.0028046036736044974,
        0.00015298805021926576,
        5.495944290777158e-06,
        1.3007189783738087e-07,
        2.0287011507676106e-09,
        2.0856946875348235e-11,
        1.413697707768771e-13,
        6.318117429553736e-16,
        0.0
      ],
      [
        0.0,
        2.1952994584259745e-15,
        4.903865836949435e-13,
        7.21657759730883e-11,
        6.9923014225570176e-09,
        4.4567804044162e-07,
        1.866153661008256e-05,
        0.0005122673825675079,
        0.009189140014443301,
        0.10717826886164641,
        0.8064105308810989,
        3.8646663470877134,
        11.55678845334655,
        20.87797048001223,
        22.00059205315437,
        15.241141193458787,
        15.241141193458834,
        22.000592053154346,
        20.87797048001219,
        11.556788453346613,
        3.864666347087714,
        0.8064105308810983,
        0.10717826886164693,
        0.009189140014443301,
        0.0005122673825675079,
        1.8661536610082557e-05,
        4.45678040441623e-07,
        6.992301422557119e-09,
        7.21657759730883e-11,
        4.903865836949434e-13,
        2.1952994584259903e-15,
        0.0
      ],
      [
        0.0,
        5.037476813419942e-15,
        1.1241732601812967e-12,
        1.6518775013273574e-10,
        1.5968863829030117e-08,
        1.0142539160757818e-06,
        4.223773384243836e-05,
        0.001149535595359848,
        0.020339091739925708,
        0.23190939937831598,
        1.6778394830794272,
        7.473698759468588,
        19.110746441995687,
        22.00059205315437,
        9.18875976186059,
        55.58305121103602,
        55.583051211035915,
        9.18875976186063,
        22.000592053154143,
        19.11074644199584,
        7.473698759468588,
        1.6778394830794245,
        0.23190939937831723,
        0.020339091739925708,
        0.001149535595359848,
        4.2237733842438336e-05,
        1.0142539160757888e-06,
        1.596886382903035e-08,
        1.6518775013273574e-10,
        1.1241732601812965e-12,
        5.037476813419979e-15,
        0.0
      ],
      [
        0.0,
        7.631416503069671e-15,
        1.7022741844905452e-12,
        2.4996237785475494e-10,
        2.4138534935175787e-08,
        1.5306377877798537e-06,
        6.357923157065108e-05,
        0.0017233486144177018,
        0.030290786771284158,
        0.3415313852762995,
        2.4212977741991013,
        10.34855520252662,
        23.77909472957193,
        15.241141193458787,
        55.58305121103602,
        147.4296192904996,
        147.4296192904995,
        55.58305121103611,
        15.241141193458393,
        23.779094729572154,
        10.34855520252662,
        2.4212977741990973,
        0.34153138527630134,
        0.030290786771284158,
        0.0017233486144177018,
        6.357923157065108e-05,
        1.5306377877798588e-06,
        2.413853493517614e-08,
        2.4996237785475494e-10,
        1.7022741844905452e-12,
        7.631416503069728e-15,
        0.0
      ],
      [
        0.0,
        7.631416503069671e-15,
        1.7022741844905452e-12,
        2.4996237785475494e-10,
        2.4138534935175787e-08,
        1.5306377877798537e-06,
        6.357923157065108e-05,
        0.001723348614417702,
        0.030290786771284158,
        0.3415313852762995,
        2.4212977741991013,
        10.348555202526622,
        23.779094729571934,
        15.241141193458834,
        55.583051211035915,
        147.4296192904995,
        147.42961929049935,
        55.58305121103601,
        15.241141193458422,
        23.779094729572158,
        10.348555202526622,
        2.4212977741990973,
        0.34153138527630134,
        0.030290786771284158,
        0.001723348614417702,
        6.357923157065108e-05,
        1.5306377877798588e-06,
        2.413853493517614e-08,
        2.4996237785475494e-10,
        1.7022741844905452e-12,
        7.631416503069728e-15,
        0.0
      ],
      [
        0.0,
        5.037476813419942e-15,
        1.1241732601812967e-12,
        1.6518775013273574e-10,
        1.5968863829030173e-08,
        1.0142539160757854e-06,
        4.22377338424385e-05,
        0.0011495355953598477,
        0.020339091739925708,
        0.23190939937831603,
        1.6778394830794292,
        7.473698759468591,
        19.11074644199573,
        22.000592053154346,
        9.18875976186063,
        55.58305121103611,
        55.58305121103601,
        9.18875976186071,
        22.000592053154193,
        19.110746441995865,
        7.473698759468593,
        1.677839483079427,
        0.23190939937831728,
        0.020339091739925708,
        0.0011495355953598477,
        4.223773384243849e-05,
        1.0142539160757886e-06,
        1.5968863829030405e-08,
        1.6518775013273574e-10,
        1.1241732601812965e-12,
        5.037476813419979e-15,
        0.0
      ],
      [
        0.0,
        2.19529945842599e-15,
        4.903865836949469e-13,
        7.216577597308853e-11,
        6.992301422557042e-09,
        4.4567804044162153e-07,
        1.8661536610082557e-05,
        0.0005122673825675088,
        0.009189140014443334,
        0.10717826886164679,
        0.8064105308811012,
        3.8646663470877147,
        11.556788453346556,
        20.87797048001219,
        22.000592053154143,
        15.241141193458393,
        15.241141193458422,
        22.000592053154193,
        20.87797048001212,
        11.55678845334662,
        3.8646663470877147,
        0.8064105308811003,
        0.10717826886164734,
        0.009189140014443334,
        0.0005122673825675089,
        1.866153661008255e-05,
        4.4567804044162465e-07,
        6.992301422557143e-09,
        7.216577597308853e-11,
        4.903865836949469e-13,
        2.1952994584260057e-15,
        0.0
      ],
      [
        0.0,
        6.318117429553693e-16,
        1.413697707768771e-13,
        2.085694687534824e-11,
        2.028701150767589e-09,
        1.3007189783737995e-07,
        5.49594429077716e-06,
        0.00015298805021926576,
        0.002804603673604498,
        0.033850403256099094,
        0.26904949024374125,
        1.4108734113795078,
        4.912537604173392,
        11.556788453346613,
        19.11074644199584,
        23.779094729572154,
        23.779094729572158,
        19.110746441995865,
        11.55678845334662,
        4.912537604173408,
        1.410873411379508,
        0.26904949024374114,
        0.033850403256099275,
        0.0028046036736044983,
        0.00015298805021926576,
        5.49594429077716e-06,
        1.300718978373809e-07,
        2.028701150767611e-09,
        2.085694687534824e-11,
        1.4136977077687712e-13,
        6.318117429553737e-16,
        0.0
      ],
      [
        0.0,
        1.2015261642682767e-16,
        2.6955261098038246e-14,
        3.9926828741991995e-12,
        3.906991909291048e-10,
        2.5278228651032458e-08,
        1.082762618937277e-06,
        3.0763382451718464e-05,
        0.0005814121854059747,
        0.007340005933902136,
        0.06227090271534822,
        0.35802548519957794,
        1.4108734113795038,
        3.864666347087714,
        7.473698759468588,
        10.34855520252662,
        10.348555202526622,
        7.473698759468593,
        3.8646663470877147,
        1.410873411379508,
        0.35802548519957794,
        0.06227090271534832,
        0.007340005933902159,
        0.0005814121854059745,
        3.076338245171846e-05,
        1.082762618937278e-06,
        2.5278228651032547e-08,
        3.9069919092911027e-10,
        3.992682874199201e-12,
        2.6955261098038255e-14,
        1.2015261642682767e-16,
        0.0
      ],
      [
        0.0,
        1.5111362123059665e-17,
        3.4037090227055803e-15,
        5.072036973674736e-13,
        5.0078815175416293e-11,
        3.283409367251027e-09,
        1.4340142491276864e-07,
        4.189893237350246e-06,
        8.235899739930017e-05,
        0.0010966125639184684,
        0.0099660176337858,
        0.06227090271534831,
        0.2690494902437406,
        0.8064105308810983,
        1.6778394830794245,
        2.4212977741990973,
        2.4212977741990973,
        1.677839483079427,
        0.8064105308811003,
        0.26904949024374114,
        0.06227090271534832,
        0.009966017633785818,
        0.0010966125639184697,
        8.235899739930015e-05,
        4.189893237350246e-06,
        1.434014249127687e-07,
        3.2834093672510417e-09,
        5.007881517541681e-11,
        5.072036973674736e-13,
        3.4037090227055795e-15,
        1.5111362123059776e-17,
        0.0
      ],
      [
        0.0,
        1.2585228497155692e-18,
        2.851704360102388e-16,
        4.287259091207643e-14,
        4.288312038321094e-12,
        2.864710234980247e-10,
        1.2845379884422012e-08,
        3.890259547144346e-07,
        8.012831079556862e-06,
        0.00011299904655572547,
        0.0010966125639184688,
        0.007340005933902159,
        0.03385040325609923,
        0.10717826886164693,
        0.23190939937831723,
        0.34153138527630134,
        0.34153138527630134,
        0.23190939937831728,
        0.10717826886164734,
        0.033850403256099275,
        0.007340005933902159,
        0.0010966125639184697,
        0.00011299904655572559,
        8.012831079556864e-06,
        3.8902595471443457e-07,
        1.2845379884422026e-08,
        2.8647102349802505e-10,
        4.288312038321136e-12,
        4.287259091207643e-14,
        2.8517043601023887e-16,
        1.2585228497155779e-18,
        0.0
      ],
      [
        0.0,
        6.953938443947451e-20,
        1.5895698082542725e-17,
        2.4204322930917602e-15,
        2.465494245825654e-13,
        1.6891681443360585e-11,
        7.834437605118057e-10,
        2.4767495580819583e-08,
        5.369352046678799e-07,
        8.012831079556852e-06,
        8.235899739930007e-05,
        0.0005814121854059745,
        0.0028046036736044974,
        0.009189140014443301,
        0.020339091739925708,
        0.030290786771284158,
        0.030290786771284158,
        0.020339091739925708,
        0.009189140014443334,
        0.0028046036736044983,
        0.0005814121854059745,
        8.235899739930015e-05,
        8.012831079556864e-06,
        5.369352046678799e-07,
        2.476749558081958e-08,
        7.834437605118055e-10,
        1.689168144336067e-11,
        2.46549424582567e-13,
        2.4204322930917602e-15,
        1.589569808254273e-17,
        6.953938443947498e-20,
        0.0
      ],
      [
        0.0,
        2.5561845600124418e-21,
        5.917130704601656e-19,
        9.172363443160557e-17,
        9.575565447084383e-15,
        6.776796280934602e-13,
        3.2733307503690026e-11,
        1.0851722806692651e-09,
        2.476749558081958e-08,
        3.8902595471443415e-07,
        4.189893237350235e-06,
        3.076338245171846e-05,
        0.00015298805021926576,
        0.0005122673825675079,
        0.001149535595359848,
        0.0017233486144177018,
        0.001723348614417702,
        0.0011495355953598477,
        0.0005122673825675089,
        0.00015298805021926576,
        3.076338245171846e-05,
        4.189893237350246e-06,
        3.8902595471443457e-07,
        2.476749558081958e-08,
        1.0851722806692651e-09,
        3.273330750369008e-11,
        6.776796280934615e-13,
        9.575565447084438e-15,
        9.172363443160557e-17,
        5.917130704601659e-19,
        2.5561845600124756e-21,
        0.0
      ],
      [
        0.0,
        6.274439743162063e-23,
        1.4782641162279474e-20,
        2.3474495847761594e-18,
        2.5292985928383827e-16,
        1.861467178779073e-14,
        9.407525889518467e-13,
        3.273330750369008e-11,
        7.834437605118055e-10,
        1.2845379884422014e-08,
        1.434014249127683e-07,
        1.082762618937278e-06,
        5.495944290777158e-06,
        1.8661536610082557e-05,
        4.2237733842438336e-05,
        6.357923157065108e-05,
        6.357923157065108e-05,
        4.223773384243849e-05,
        1.866153661008255e-05,
        5.49594429077716e-06,
        1.082762618937278e-06,
        1.434014249127687e-07,
        1.2845379884422026e-08,
        7.834437605118055e-10,
        3.273330750369008e-11,
        9.407525889518463e-13,
        1.8614671787790863e-14,
        2.5292985928383955e-16,
        2.3474495847761594e-18,
        1.478264116227951e-20,
        6.274439743162063e-23,
        0.0
      ],
      [
        0.0,
        1.0335381897925802e-24,
        2.4937211248189903e-22,
        4.084819853139472e-20,
        4.572633454283276e-18,
        3.5160870995946837e-16,
        1.861467178779078e-14,
        6.776796280934615e-13,
        1.689168144336067e-11,
        2.864710234980247e-10,
        3.283409367251032e-09,
        2.5278228651032547e-08,
        1.3007189783738087e-07,
        4.45678040441623e-07,
        1.0142539160757888e-06,
        1.5306377877798588e-06,
        1.5306377877798588e-06,
        1.0142539160757886e-06,
        4.4567804044162465e-07,
        1.300718978373809e-07,
        2.5278228651032547e-08,
        3.2834093672510417e-09,
        2.8647102349802505e-10,
        1.689168144336067e-11,
        6.776796280934615e-13,
        1.8614671787790863e-14,
        3.5160870995946955e-16,
        4.572633454283296e-18,
        4.084819853139472e-20,
        2.49372112481899e-22,
        1.0335381897925866e-24,
        0.0
      ],
      [
        0.0,
        1.149444042309722e-26,
        2.859786983853349e-24,
        4.8639202357212235e-22,
        5.683599487682938e-20,
        4.572633454283278e-18,
        2.5292985928383955e-16,
        9.575565447084438e-15,
        2.46549424582567e-13,
        4.288312038321132e-12,
        5.0078815175416474e-11,
        3.9069919092911027e-10,
        2.0287011507676106e-09,
        6.992301422557119e-09,
        1.596886382903035e-08,
        2.413853493517614e-08,
        2.413853493517614e-08,
        1.5968863829030405e-08,
        6.992301422557143e-09,
        2.028701150767611e-09,
        3.9069919092911027e-10,
        5.007881517541681e-11,
        4.288312038321136e-12,
        2.46549424582567e-13,
        9.575565447084438e-15,
        2.5292985928383955e-16,
        4.572633454283296e-18,
        5.683599487682979e-20,
        4.8639202357212235e-22,
        2.8597869838533557e-24,
        1.1494440423097219e-26,
        0.0
      ],
      [
        0.0,
        8.689468528691344e-29,
        2.2438635503891905e-26,
        3.981418028997024e-24,
        4.863920235721182e-22,
        4.084819853139423e-20,
        2.3474495847761598e-18,
        9.172363443160557e-17,
        2.4204322930917602e-15,
        4.287259091207643e-14,
        5.0720369736747e-13,
        3.992682874199201e-12,
        2.0856946875348235e-11,
        7.21657759730883e-11,
        1.6518775013273574e-10,
        2.4996237785475494e-10,
        2.4996237785475494e-10,
        1.6518775013273574e-10,
        7.216577597308853e-11,
        2.085694687534824e-11,
        3.992682874199201e-12,
        5.072036973674736e-13,
        4.287259091207643e-14,
        2.4204322930917602e-15,
        9.172363443160557e-17,
        2.3474495847761594e-18,
        4.084819853139472e-20,
        4.8639202357212235e-22,
        3.981418028997024e-24,
        2.2438635503891905e-26,
        8.689468528691344e-29,
        0.0
      ],
      [
        0.0,
        4.494038739599395e-31,
        1.210215349787992e-28,
        2.2438635503891905e-26,
        2.859786983853349e-24,
        2.4937211248189484e-22,
        1.478264116227942e-20,
        5.917130704601659e-19,
        1.589569808254273e-17,
        2.8517043601023877e-16,
        3.40370902270558e-15,
        2.6955261098038255e-14,
        1.413697707768771e-13,
        4.903865836949434e-13,
        1.1241732601812965e-12,
        1.7022741844905452e-12,
        1.7022741844905452e-12,
        1.1241732601812965e-12,
        4.903865836949469e-13,
        1.4136977077687712e-13,
        2.6955261098038255e-14,
        3.4037090227055795e-15,
        2.8517043601023887e-16,
        1.589569808254273e-17,
        5.917130704601659e-19,
        1.478264116227951e-20,
        2.49372112481899e-22,
        2.8597869838533557e-24,
        2.2438635503891905e-26,
        1.210215349787992e-28,
        4.494038739599396e-31,
        0.0
      ],
      [
        0.0,
        1.597575797412455e-33,
        4.494038739599395e-31,
        8.689468528691344e-29,
        1.1494440423097181e-26,
        1.0335381897925804e-24,
        6.274439743162063e-23,
        2.5561845600124756e-21,
        6.953938443947498e-20,
        1.2585228497155775e-18,
        1.5111362123059668e-17,
        1.2015261642682767e-16,
        6.318117429553736e-16,
        2.1952994584259903e-15,
        5.037476813419979e-15,
        7.631416503069728e-15,
        7.631416503069728e-15,
        5.037476813419979e-15,
        2.1952994584260057e-15,
        6.318117429553737e-16,
        1.2015261642682767e-16,
        1.5111362123059776e-17,
        1.2585228497155779e-18,
        6.953938443947498e-20,
        2.5561845600124756e-21,
        6.274439743162063e-23,
        1.0335381897925866e-24,
        1.1494440423097219e-26,
        8.689468528691344e-29,
        4.494038739599396e-31,
        1.597575797412455e-33,
        0.0
      ],
      [
        0.0,
        0.0,
        0.0,
        0.0,
        0.0,
        0.0,
        0.0,
        0.0,
        0.0,
        0.0,
        0.0,
        0.0,
        0.0,
        0.0,
        0.0,
        0.0,
        0.0,
        0.0,
        0.0,
        0.0,
        0.0,
        0.0,
        0.0,
        0.0,
        0.0,
        0.0,
        0.0,
        0.0,
        0.0,
        0.0,
        0.0,
        0.0
      ]
    ],
    [
      [
        0.0,
        0.0,
        0.0,
        0.0,
        0.0,
        0.0,
        0.0,
        0.0,
        0.0,
        0.0,
        0.0,
        0.0,
        0.0,
        0.0,
        0.0,
        0.0,
        0.0,
        0.0,
        0.0,
        0.0,
        0.0,
        0.0,
        0.0,
        0.0,
        0.0,
        0.0,
        0.0,
        0.0,
        0.0,
        0.0,
        0.0,
        0.0
      ],
      [
        0.0,
        1.5975757974124555e-33,
        4.494038739599395e-31,
        8.689468528691344e-29,
        1.1494440423097183e-26,
        1.0335381897925677e-24,
        6.274439743162023e-23,
        2.5561845600124418e-21,
        6.953938443947451e-20,
        1.2585228497155688e-18,
        1.5111362123059668e-17,
        1.2015261642682767e-16,
        6.318117429553692e-16,
        2.1952994584259745e-15,
        5.037476813419942e-15,
        7.631416503069671e-15,
        7.631416503069671e-15,
        5.037476813419942e-15,
        2.19529945842599e-15,
        6.318117429553693e-16,
        1.2015261642682767e-16,
        1.5111362123059665e-17,
        1.2585228497155692e-18,
        6.953938443947451e-20,
        2.5561845600124418e-21,
        6.274439743162063e-23,
        1.0335381897925802e-24,
        1.149444042309722e-26,
        8.689468528691344e-29,
        4.494038739599395e-31,
        1.597575797412455e-33,
        0.0
      ],
      [
        0.0,
        4.494038739599395e-31,
        1.2102153497879922e-28,
        2.2438635503891905e-26,
        2.859786983853337e-24,
        2.493721124818945e-22,
        1.4782641162279386e-20,
        5.917130704601656e-19,
        1.5895698082542725e-17,
        2.851704360102388e-16,
        3.4037090227055803e-15,
        2.6955261098038246e-14,
        1.413697707768771e-13,
        4.903865836949435e-13,
        1.1241732601812967e-12,
        1.7022741844905452e-12,
        1.7022741844905452e-12,
        1.1241732601812967e-12,
        4.903865836949469e-13,
        1.413697707768771e-13,
        2.6955261098038246e-14,
        3.4037090227055803e-15,
        2.851704360102388e-16,
        1.5895698082542725e-17,
        5.917130704601656e-19,
        1.4782641162279474e-20,
        2.4937211248189903e-22,
        2.859786983853349e-24,
        2.2438635503891905e-26,
        1.210215349787992e-28,
        4.494038739599395e-31,
        0.0
      ],
      [
        0.0,
        8.689468528691344e-29,
        2.2438635503891905e-26,
        3.981418028997024e-24,
        4.863920235721182e-22,
        4.084819853139423e-20,
        2.3474495847761598e-18,
        9.172363443160557e-17,
        2.4204322930917602e-15,
        4.287259091207643e-14,
        5.0720369736747e-13,
        3.9926828741991995e-12,
        2.0856946875348235e-11,
        7.21657759730883e-11,
        1.6518775013273574e-10,
        2.4996237785475494e-10,
        2.4996237785475494e-10,
        1.6518775013273574e-10,
        7.216577597308853e-11,
        2.085694687534824e-11,
        3.9926828741991995e-12,
        5.072036973674736e-13,
        4.287259091207643e-14,
        2.4204322930917602e-15,
        9.172363443160557e-17,
        2.3474495847761594e-18,
        4.084819853139472e-20,
        4.8639202357212235e-22,
        3.981418028997024e-24,
        2.2438635503891905e-26,
        8.689468528691344e-29,
        0.0
      ],
      [
        0.0,
        1.1494440423097183e-26,
        2.859786983853337e-24,
        4.863920235721182e-22,
        5.683599487682896e-20,
        4.5726334542832176e-18,
        2.52929859283837e-16,
        9.575565447084383e-15,
        2.465494245825654e-13,
        4.28831203832109e-12,
        5.007881517541596e-11,
        3.906991909291048e-10,
        2.0287011507675886e-09,
        6.9923014225570176e-09,
        1.5968863829030117e-08,
        2.4138534935175787e-08,
        2.4138534935175787e-08,
        1.5968863829030173e-08,
        6.992301422557042e-09,
        2.028701150767589e-09,
        3.906991909291048e-10,
        5.0078815175416293e-11,
        4.288312038321094e-12,
        2.465494245825654e-13,
        9.575565447084383e-15,
        2.5292985928383827e-16,
        4.572633454283276e-18,
        5.683599487682938e-20,
        4.863920235721182e-22,
        2.859786983853349e-24,
        1.1494440423097181e-26,
        0.0
      ],
      [
        0.0,
        1.0335381897925677e-24,
        2.493721124818945e-22,
        4.084819853139423e-20,
        4.5726334542832176e-18,
        3.5160870995946477e-16,
        1.8614671787790652e-14,
        6.776796280934602e-13,
        1.6891681443360585e-11,
        2.864710234980243e-10,
        3.2834093672510065e-09,
        2.5278228651032458e-08,
        1.3007189783737992e-07,
        4.4567804044162e-07,
        1.0142539160757818e-06,
        1.5306377877798537e-06,
        1.5306377877798537e-06,
        1.0142539160757854e-06,
        4.4567804044162153e-07,
        1.3007189783737995e-07,
        2.5278228651032458e-08,
        3.283409367251027e-09,
        2.864710234980247e-10,
        1.6891681443360585e-11,
        6.776796280934602e-13,
        1.861467178779073e-14,
        3.5160870995946837e-16,
        4.572633454283278e-18,
        4.084819853139423e-20,
        2.4937211248189484e-22,
        1.0335381897925804e-24,
        0.0
      ],
      [
        0.0,
        6.274439743162023e-23,
        1.4782641162279386e-20,
        2.3474495847761598e-18,
        2.52929859283837e-16,
        1.8614671787790652e-14,
        9.40752588951847e-13,
        3.2733307503690026e-11,
        7.834437605118057e-10,
        1.284537988442199e-08,
        1.434014249127683e-07,
        1.082762618937277e-06,
        5.495944290777158e-06,
        1.866153661008256e-05,
        4.223773384243836e-05,
        6.357923157065108e-05,
        6.357923157065108e-05,
        4.22377338424385e-05,
        1.8661536610082557e-05,
        5.49594429077716e-06,
        1.082762618937277e-06,
        1.4340142491276864e-07,
        1.2845379884422012e-08,
        7.834437605118057e-10,
        3.2733307503690026e-11,
        9.407525889518467e-13,
        1.861467178779078e-14,
        2.5292985928383955e-16,
        2.3474495847761598e-18,
        1.478264116227942e-20,
        6.274439743162063e-23,
        0.0
      ],
      [
        0.0,
        2.5561845600124418e-21,
        5.917130704601656e-19,
        9.172363443160557e-17,
        9.575565447084383e-15,
        6.776796280934602e-13,
        3.2733307503690026e-11,
        1.0851722806692651e-09,
        2.4767495580819583e-08,
        3.890259547144342e-07,
        4.189893237350235e-06,
        3.0763382451718464e-05,
        0.00015298805021926576,
        0.0005122673825675079,
        0.001149535595359848,
        0.0017233486144177018,
        0.001723348614417702,
        0.0011495355953598477,
        0.0005122673825675088,
        0.00015298805021926576,
        3.0763382451718464e-05,
        4.189893237350246e-06,
        3.890259547144346e-07,
        2.4767495580819583e-08,
        1.0851722806692651e-09,
        3.273330750369008e-11,
        6.776796280934615e-13,
        9.575565447084438e-15,
        9.172363443160557e-17,
        5.917130704601659e-19,
        2.5561845600124756e-21,
        0.0
      ],
      [
        0.0,
        6.953938443947451e-20,
        1.5895698082542725e-17,
        2.4204322930917602e-15,
        2.465494245825654e-13,
        1.6891681443360585e-11,
        7.834437605118057e-10,
        2.4767495580819583e-08,
        5.369352046678799e-07,
        8.01283107955685e-06,
        8.235899739930007e-05,
        0.0005814121854059747,
        0.002804603673604497,
        0.009189140014443301,
        0.020339091739925708,
        0.030290786771284158,
        0.030290786771284158,
        0.020339091739925708,
        0.009189140014443334,
        0.002804603673604498,
        0.0005814121854059747,
        8.235899739930017e-05,
        8.012831079556862e-06,
        5.369352046678799e-07,
        2.476749558081958e-08,
        7.834437605118055e-10,
        1.689168144336067e-11,
        2.46549424582567e-13,
        2.4204322930917602e-15,
        1.589569808254273e-17,
        6.953938443947498e-20,
        0.0
      ],
      [
        0.0,
        1.2585228497155688e-18,
        2.851704360102388e-16,
        4.287259091207643e-14,
        4.28831203832109e-12,
        2.864710234980243e-10,
        1.284537988442199e-08,
        3.890259547144342e-07,
        8.01283107955685e-06,
        0.00011299904655572535,
        0.0010966125639184645,
        0.007340005933902136,
        0.03385040325609905,
        0.10717826886164641,
        0.23190939937831598,
        0.3415313852762995,
        0.3415313852762995,
        0.23190939937831603,
        0.10717826886164679,
        0.033850403256099094,
        0.007340005933902136,
        0.0010966125639184684,
        0.00011299904655572547,
        8.012831079556852e-06,
        3.8902595471443415e-07,
        1.2845379884422014e-08,
        2.864710234980247e-10,
        4.288312038321132e-12,
        4.287259091207643e-14,
        2.8517043601023877e-16,
        1.2585228497155775e-18,
        0.0
      ],
      [
        0.0,
        1.5111362123059668e-17,
        3.4037090227055803e-15,
        5.0720369736747e-13,
        5.007881517541596e-11,
        3.2834093672510065e-09,
        1.434014249127683e-07,
        4.189893237350235e-06,
        8.235899739930007e-05,
        0.0010966125639184645,
        0.009966017633785792,
        0.062270902715348214,
        0.26904949024374075,
        0.8064105308810989,
        1.6778394830794272,
        2.4212977741991013,
        2.4212977741991013,
        1.6778394830794292,
        0.8064105308811012,
        0.26904949024374125,
        0.06227090271534822,
        0.0099660176337858,
        0.0010966125639184688,
        8.235899739930007e-05,
        4.189893237350235e-06,
        1.434014249127683e-07,
        3.283409367251032e-09,
        5.0078815175416474e-11,
        5.0720369736747e-13,
        3.40370902270558e-15,
        1.5111362123059668e-17,
        0.0
      ],
      [
        0.0,
